movie_id
26100958
1652587
1292722
20326665
24773958
10440138
26884354
1866479
23761370
25887288
10741834
3011235
6390825
22265634
26416062
4202982
25900945
25849049
26260853
3231742
11624706
25820460
3878007
1291552
26931786
26213252
3610047
2363876
7054604
3395373
27119724
6850547
22265687
1858711
1315574
25894431
26891256
3227410
25812712
1292523
11524967
1294362
2336785
25662329
1966182
1851857
1295038
2051007
4915857
1301753
25777636
26586766
1418192
11606328
2973079
1291572
1457217
1291586
1433330
1291582
5300054
1309055
1418189
1291571
2357162
11620560
24753477
1296996
4914468
21817627
24750534
26363254
1309078
6874456
25937854
10533913
3168101
25821634
2146991
3541415
4889554
1306612
1578714
1293013
25726614
1433673
20495023
1291544
6311303
1294638
3005875
26336252
30128985
1428051
1308570
6537500
26588308
3718279
1293838
7065154
1329950
27163278
4301224
2129132
6533054
2072478
3178770
3569910
10485647
1309052
3789848
1304141
2129039
26794435
3793783
6390823
3289081
3148027
7046723
1794171
6082518
3604148
26266893
3289086
3068206
3592853
25793398
10727641
1292720
3025375
1889243
1297630
2049435
1437342
3233635
10047547
2158490
11026735
26147417
1298070
1297785
6560058
26354572
1291579
1783457
1291577
25864085
1949312
4286017
3642835
3066739
1793491
26636712
4824512
25765735
1293702
1418190
1308750
2054024
1929463
25824686
1994876
1309044
1863766
1946882
1301445
1907966
3654340
1820156
1432146
4920389
26861685
1835843
26309788
2159331
1309043
3036478
2028585
19944106
1292769
1308779
4807924
1296528
21263666
1298525
26698897
25786060
4051753
3287562
6875263
1309201
2132473
3036473
1851906
5327268
26426194
20438964
26630714
25907029
26607693
2063914
2998270
1308987
19899707
2131459
11589036
1291844
1866473
23774869
1293203
1299513
11443314
1308751
1291574
2353023
1292454
4816602
2131654
26426056
25808075
1309199
1927369
3217149
1297018
1291581
3731581
1292849
3274505
1293088
1297151
1309101
21327493
1293471
25786077
27133569
6534248
1294941
3233761
3927734
26394152
3642843
1291843
1293530
1293825
1428878
26754233
1401524
1607471
24404677
